cam_model: Pinhole
cam_width: 346
cam_height: 260
cam_fx: 173.07989681517137
cam_fy: 173.0734479068749
cam_cx: 163.31033691005516
cam_cy: 134.99889292308214
cam_d0: -0.03252275347038443
cam_d1: 0.0010042799356776398
cam_d2: -0.0048537750326187136
cam_d3: 0.0014604134198771906

