cam_model: Pinhole
cam_width: 240
cam_height: 180
cam_fx: 199.0923665423112
cam_fy: 132.1920713777002
cam_cx: 198.8288204700886
cam_cy: 110.7126600112956
cam_d0: -0.3684363117977873
cam_d1: 0.1509472435566583
cam_d2: -0.0002961305343848646
cam_d3: -0.000759431726241032
